--------------------------------------------------------------------------------
Time Z   Y   X   ZNU      XLONG_U    XLAT_U     Simple
--------------------------------------------------------------------------------
0    1   3   4  0.7035   -82.7143   32.6471     0.2052
0    1   3   9  0.7035   -79.8571   32.6471     1.1538
0    1   3  14  0.7035   -77.0000   32.6471     0.7881
0    1   3  19  0.7035   -74.1429   32.6471     1.4309
0    1   3  24  0.7035   -71.2857   32.6471    -0.4047
0    1   3  29  0.7035   -68.4286   32.6471    -0.1559
0    1   3  34  0.7035   -65.5714   32.6471    -0.4513
0    1   7   4  0.7035   -82.7143   36.1765     0.8679
0    1   7   9  0.7035   -79.8571   36.1765     1.1618
0    1   7  14  0.7035   -77.0000   36.1765     0.5914
0    1   7  19  0.7035   -74.1429   36.1765     0.0426
0    1   7  24  0.7035   -71.2857   36.1765    -0.5860
0    1   7  29  0.7035   -68.4286   36.1765    -0.6481
0    1   7  34  0.7035   -65.5714   36.1765     0.0535
0    1  11   4  0.7035   -82.7143   39.7059     1.3674
0    1  11   9  0.7035   -79.8571   39.7059     0.3404
0    1  11  14  0.7035   -77.0000   39.7059    -0.3979
0    1  11  19  0.7035   -74.1429   39.7059    -1.5455
0    1  11  24  0.7035   -71.2857   39.7059    -0.7076
0    1  11  29  0.7035   -68.4286   39.7059    -1.6113
0    1  11  34  0.7035   -65.5714   39.7059    -0.6936
0    1  15   4  0.7035   -82.7143   43.2353    -0.2090
0    1  15   9  0.7035   -79.8571   43.2353    -0.4082
0    1  15  14  0.7035   -77.0000   43.2353    -1.4256
0    1  15  19  0.7035   -74.1429   43.2353    -0.7032
0    1  15  24  0.7035   -71.2857   43.2353    -0.1479
0    1  15  29  0.7035   -68.4286   43.2353    -0.1004
0    1  15  34  0.7035   -65.5714   43.2353    -0.4444
